0.154018 -0.149140
0.162417 -0.146735
0.171561 -0.142861
0.179874 -0.137644
0.186747 -0.131176
0.191948 -0.123576
0.195379 -0.115072
0.197279 -0.106087
0.198198 -0.096966
0.198363 -0.087741
0.197728 -0.078370
0.196300 -0.068888
0.194178 -0.059339
0.191497 -0.049721
0.188356 -0.039985
0.184785 -0.030071
0.180776 -0.019939
0.176273 -0.009593
0.171239 0.000929
0.165709 0.011591
0.159677 0.022370
0.153130 0.033230
0.146109 0.044156
0.138616 0.055143
0.130592 0.066142
0.122087 0.077125
0.113158 0.088113
0.103694 0.099048
0.093721 0.109862
0.083466 0.120686
0.072735 0.131529
0.061325 0.142155
0.049512 0.152512
0.037334 0.162608
0.024680 0.172320
0.011479 0.181326
-0.002874 0.188055
-0.016618 0.191543
-0.026598 0.196910
-0.036955 0.207613
-0.054487 0.218523
-0.077456 0.218949
-0.095423 0.224886
-0.114338 0.239341
-0.133558 0.255650
-0.148010 0.276803
-0.160189 0.301568
-0.169906 0.328749
-0.177098 0.356809
-0.182105 0.384287
-0.185872 0.410029
-0.189745 0.433388
-0.195213 0.454229
-0.203745 0.472676
-0.216243 0.488780
-0.232595 0.502489
-0.251940 0.513865
-0.273274 0.523145
-0.295797 0.530639
-0.318955 0.536618
-0.342400 0.541292
-0.365916 0.544810
-0.389375 0.547267
-0.412706 0.548728
-0.435865 0.549227
-0.458826 0.548783
-0.481571 0.547405
-0.504085 0.545092
-0.526353 0.541843
-0.548357 0.537650
-0.570077 0.532507
-0.591492 0.526407
-0.612575 0.519344
-0.633302 0.511310
-0.653641 0.502302
-0.673564 0.492314
-0.693039 0.481345
-0.712033 0.469394
-0.730515 0.456460
-0.748449 0.442545
-0.765803 0.427652
-0.782543 0.411786
-0.798636 0.394953
-0.814048 0.377158
-0.828746 0.358413
-0.842697 0.338727
-0.855870 0.318110
-0.868233 0.296580
-0.879755 0.274147
-0.890407 0.250830
-0.900158 0.226646
-0.908981 0.201614
-0.916848 0.175764
-0.923735 0.149124
-0.929624 0.121750
-0.934502 0.093723
-0.938381 0.065259
-0.941316 0.036845
-0.943409 0.009207
-0.944806 -0.016826
-0.945672 -0.040472