0.004025 0.000923
0.012271 0.004279
0.020411 0.010945
0.026194 0.020036
0.028373 0.030166
0.027252 0.039610
0.025571 0.047314
0.024613 0.054144
0.023719 0.061213
0.022400 0.068875
0.020494 0.077025
0.018049 0.085485
0.015243 0.094207
0.012076 0.103250
0.008353 0.112589
0.004137 0.122110
-0.000432 0.131808
-0.005396 0.141734
-0.010933 0.151822
-0.016974 0.161946
-0.023338 0.172118
-0.030235 0.182321
-0.037778 0.192338
-0.045751 0.201998
-0.054583 0.210817
-0.065058 0.216718
-0.072061 0.222828
-0.078034 0.233838
-0.092631 0.245328
-0.108796 0.252076
-0.115837 0.263241
-0.130387 0.282399
-0.146346 0.305585
-0.151820 0.331541
-0.152703 0.358938
-0.151012 0.386640
-0.147713 0.413567
-0.143824 0.438990
-0.140308 0.462609
-0.138208 0.484508
-0.138643 0.505043
-0.142472 0.524568
-0.149986 0.543200
-0.160863 0.560878
-0.174440 0.577530
-0.190024 0.593162
-0.207050 0.607836
-0.225111 0.621625
-0.243929 0.634597
-0.263318 0.646801
-0.283160 0.658269
-0.303375 0.669024
-0.323910 0.679069
-0.344728 0.688409
-0.365800 0.697034
-0.387100 0.704933
-0.408606 0.712096
-0.430295 0.718502
-0.452142 0.724137
-0.474123 0.728983
-0.496211 0.733020
-0.518379 0.736234
-0.540597 0.738602
-0.562835 0.740112
-0.585061 0.740744
-0.607243 0.740485
-0.629349 0.739319
-0.651343 0.737233
-0.673193 0.734214
-0.694861 0.730252
-0.716314 0.725335
-0.737516 0.719456
-0.758430 0.712606
-0.779022 0.704779
-0.799253 0.695970
-0.819089 0.686176
-0.838494 0.675393
-0.857431 0.663621
-0.875864 0.650861
-0.893759 0.637114
-0.911079 0.622384
-0.927790 0.606674
-0.943856 0.589993
-0.959246 0.572346
-0.973923 0.553744
-0.987856 0.534196
-1.001012 0.513714
-1.013358 0.492314
-1.024866 0.470007
-1.035503 0.446813
-1.045240 0.422747
-1.054050 0.397831
-1.061905 0.372093
-1.068780 0.345562
-1.074657 0.318293
-1.079524 0.290368
-1.083392 0.262003
-1.086317 0.233685
-1.088400 0.206141
-1.089787 0.180199
-1.090644 0.156640