0.153835 -0.148887
0.161625 -0.145642
0.169584 -0.140164
0.175937 -0.132495
0.179776 -0.122871
0.181166 -0.112044
0.180373 -0.100693
0.177582 -0.089235
0.173490 -0.077940
0.168825 -0.066720
0.163867 -0.055317
0.158571 -0.043553
0.152830 -0.031375
0.146570 -0.018823
0.139756 -0.005977
0.132445 0.007101
0.124667 0.020370
0.116389 0.033770
0.107636 0.047245
0.098466 0.060776
0.088846 0.074328
0.078738 0.087827
0.068202 0.101229
0.057362 0.114595
0.046088 0.127902
0.034286 0.141014
0.022095 0.153869
0.009499 0.166400
-0.003529 0.178480
-0.017360 0.189498
-0.032985 0.196846
-0.045692 0.202890
-0.056101 0.211325
-0.070554 0.220035
-0.085530 0.228702
-0.098897 0.239660
-0.113907 0.253264
-0.128489 0.271291
-0.141681 0.294912
-0.152805 0.323531
-0.160444 0.355808
-0.164944 0.389550
-0.167089 0.422823
-0.168205 0.454295
-0.169728 0.483335
-0.172995 0.509871
-0.179178 0.534112
-0.189026 0.556249
-0.202607 0.576346
-0.219373 0.594434
-0.238516 0.610630
-0.259282 0.625136
-0.281091 0.638164
-0.303549 0.649907
-0.326398 0.660509
-0.349479 0.670073
-0.372695 0.678673
-0.395988 0.686349
-0.419321 0.693130
-0.442670 0.699026
-0.466018 0.704042
-0.489346 0.708175
-0.512637 0.711417
-0.535873 0.713759
-0.559031 0.715191
-0.582088 0.715700
-0.605020 0.715276
-0.627796 0.713907
-0.650391 0.711582
-0.672771 0.708291
-0.694905 0.704025
-0.716762 0.698777
-0.738306 0.692539
-0.759505 0.685306
-0.780323 0.677073
-0.800726 0.667837
-0.820679 0.657596
-0.840146 0.646351
-0.859094 0.634100
-0.877486 0.620849
-0.895289 0.606599
-0.912468 0.591356
-0.928988 0.575128
-0.944817 0.557920
-0.959922 0.539744
-0.974269 0.520610
-0.987827 0.500530
-1.000563 0.479520
-1.012449 0.457591
-1.023453 0.434763
-1.033547 0.411054
-1.042702 0.386483
-1.050892 0.361080
-1.058093 0.334875
-1.064286 0.307922
-1.069459 0.280304
-1.073625 0.252236
-1.076838 0.224207
-1.079202 0.196943
-1.080861 0.171272
-1.081981 0.147978