0.004207 0.000670
0.013120 0.003128
0.022818 0.007962
0.031107 0.015024
0.037417 0.022902
0.042034 0.030523
0.045245 0.037739
0.047465 0.044408
0.049271 0.050531
0.051065 0.056425
0.052877 0.062535
0.054373 0.069134
0.055094 0.076111
0.054943 0.083011
0.054441 0.089510
0.054050 0.095896
0.053488 0.102722
0.052158 0.110015
0.049823 0.117228
0.047109 0.123937
0.044596 0.130496
0.041887 0.137555
0.038052 0.145015
0.033464 0.152226
0.028897 0.159187
0.024071 0.166342
0.018206 0.173504
0.011871 0.180329
0.005611 0.187126
-0.001684 0.193749
-0.009288 0.200033
-0.016860 0.206344
-0.026468 0.211141
-0.035767 0.212180
-0.039969 0.217299
-0.052123 0.231175
-0.084914 0.228627
-0.117526 0.233238
-0.137543 0.253984
-0.148857 0.274403
-0.155017 0.297219
-0.158806 0.321712
-0.160357 0.346878
-0.159968 0.371619
-0.158113 0.395009
-0.155688 0.416428
-0.153768 0.435680
-0.153578 0.453005
-0.156607 0.468927
-0.163993 0.483780
-0.175764 0.497476
-0.191035 0.509832
-0.208740 0.520828
-0.228028 0.530562
-0.248313 0.539152
-0.269214 0.546699
-0.290492 0.553284
-0.311999 0.558957
-0.333644 0.563753
-0.355370 0.567691
-0.377140 0.570779
-0.398929 0.573021
-0.420711 0.574410
-0.442469 0.574942
-0.464180 0.574606
-0.485820 0.573392
-0.507366 0.571290
-0.528789 0.568288
-0.550063 0.564374
-0.571157 0.559539
-0.592038 0.553772
-0.612676 0.547066
-0.633034 0.539412
-0.653081 0.530804
-0.672779 0.521236
-0.692095 0.510704
-0.710993 0.499205
-0.729435 0.486738
-0.747389 0.473301
-0.764817 0.458898
-0.781683 0.443530
-0.797954 0.427201
-0.813594 0.409919
-0.828568 0.391687
-0.842843 0.372517
-0.856385 0.352417
-0.869162 0.331398
-0.881141 0.309477
-0.892290 0.286662
-0.902580 0.262975
-0.911980 0.238431
-0.920462 0.213049
-0.927999 0.186859
-0.934564 0.159888
-0.940140 0.132192
-0.944713 0.103853
-0.948296 0.075084
-0.950942 0.046375
-0.952752 0.018451
-0.953869 -0.007861
-0.954460 -0.031777