0.004207 0.000670
0.013251 0.002307
0.023636 0.004606
0.033859 0.007447
0.043406 0.010796
0.052194 0.014658
0.060281 0.019050
0.067735 0.023996
0.074614 0.029514
0.080947 0.035603
0.086748 0.042256
0.092018 0.049463
0.096737 0.057209
0.100894 0.065480
0.104470 0.074248
0.107446 0.083490
0.109802 0.093183
0.111510 0.103297
0.112553 0.113806
0.112905 0.124677
0.112544 0.135876
0.111454 0.147369
0.109612 0.159112
0.107009 0.171070
0.103630 0.183195
0.099470 0.195445
0.094531 0.207776
0.088816 0.220144
0.082344 0.232512
0.075137 0.244847
0.067229 0.257128
0.058665 0.269348
0.049486 0.281506
0.039739 0.293621
0.029461 0.305708
0.018688 0.317789
0.007399 0.329842
-0.004514 0.341740
-0.017217 0.353237
-0.030882 0.363962
-0.045555 0.373496
-0.061026 0.381570
-0.076845 0.388321
-0.092653 0.394221
-0.108439 0.399652
-0.124390 0.404724
-0.140643 0.409413
-0.157220 0.413695
-0.174098 0.417565
-0.191255 0.420963
-0.208674 0.423623
-0.226172 0.425307
-0.243435 0.426295
-0.260447 0.427358
-0.277716 0.428698
-0.295639 0.429852
-0.314079 0.430391
-0.332637 0.430414
-0.351166 0.430354
-0.369877 0.430357
-0.388958 0.430134
-0.408298 0.429800
-0.427886 0.429678
-0.447877 0.429803
-0.468313 0.429980
-0.489055 0.430432
-0.510068 0.431450
-0.531376 0.433024
-0.552879 0.435216
-0.574419 0.438075
-0.595824 0.441520
-0.616898 0.445384
-0.637463 0.449384
-0.657404 0.453113
-0.676659 0.456267
-0.695312 0.458163
-0.713533 0.457934
-0.731421 0.455075
-0.748972 0.449420
-0.766110 0.441079
-0.782751 0.430312
-0.798830 0.417421
-0.814300 0.402686
-0.829123 0.386334
-0.843267 0.368550
-0.856698 0.349472
-0.869384 0.329208
-0.881290 0.307844
-0.892383 0.285442
-0.902630 0.262061
-0.911997 0.237745
-0.920455 0.212533
-0.927974 0.186468
-0.934528 0.159593
-0.940096 0.131968
-0.944664 0.103682
-0.948244 0.074954
-0.950889 0.046275
-0.952700 0.018375
-0.953820 -0.007919
-0.954416 -0.031821
