0.004207 0.000670
0.013251 0.002307
0.023636 0.004606
0.033859 0.007446
0.043407 0.010792
0.052196 0.014651
0.060285 0.019038
0.067749 0.023966
0.074654 0.029445
0.081033 0.035475
0.086904 0.042054
0.092272 0.049173
0.097128 0.056820
0.101466 0.064984
0.105270 0.073646
0.108521 0.082791
0.111202 0.092402
0.113290 0.102458
0.114773 0.112939
0.115634 0.123819
0.115861 0.135075
0.115448 0.146682
0.114381 0.158613
0.112656 0.170844
0.110261 0.183346
0.107190 0.196092
0.103438 0.209057
0.098998 0.222207
0.093869 0.235518
0.088046 0.248956
0.081528 0.262492
0.074319 0.276097
0.066415 0.289735
0.057823 0.303377
0.048545 0.316989
0.038587 0.330538
0.027956 0.343991
0.016658 0.357311
0.004704 0.370467
-0.007896 0.383420
-0.021131 0.396136
-0.034986 0.408580
-0.049448 0.420712
-0.064501 0.432497
-0.080128 0.443894
-0.096310 0.454865
-0.113027 0.465372
-0.130256 0.475369
-0.147974 0.484819
-0.166154 0.493675
-0.184770 0.501891
-0.203789 0.509424
-0.223177 0.516219
-0.242896 0.522230
-0.262903 0.527402
-0.283148 0.531681
-0.303577 0.535017
-0.324123 0.537360
-0.344716 0.538677
-0.365276 0.538954
-0.385725 0.538213
-0.405997 0.536527
-0.426052 0.534012
-0.445891 0.530807
-0.465510 0.526832
-0.484806 0.521766
-0.503513 0.515246
-0.521211 0.507048
-0.537489 0.497358
-0.552324 0.486933
-0.566102 0.476337
-0.579215 0.465526
-0.591766 0.454191
-0.603706 0.442251
-0.614771 0.429581
-0.623567 0.415425
-0.628731 0.401059
-0.634828 0.390221
-0.643741 0.378270
-0.648979 0.360458
-0.656661 0.345129
-0.666887 0.327091
-0.677638 0.307465
-0.691194 0.290452
-0.706863 0.273019
-0.724559 0.255189
-0.743844 0.237096
-0.764328 0.219146
-0.785614 0.201619
-0.807134 0.184492
-0.828231 0.167521
-0.848384 0.150456
-0.867215 0.133013
-0.884444 0.114848
-0.899806 0.095561
-0.912996 0.074764
-0.923825 0.052378
-0.932339 0.028855
-0.938769 0.005037
-0.943448 -0.018076
-0.946745 -0.039526
