0.004207 0.000670
0.013022 0.003744
0.021936 0.010378
0.028385 0.019239
0.031639 0.028177
0.033363 0.035401
0.035345 0.040891
0.037853 0.046086
0.040499 0.051932
0.042556 0.058566
0.043713 0.065372
0.044548 0.071744
0.045586 0.077943
0.046521 0.084633
0.046778 0.091855
0.046446 0.099082
0.045975 0.106157
0.045369 0.113421
0.044262 0.121059
0.042725 0.128894
0.040992 0.136917
0.038761 0.145266
0.035927 0.153801
0.032803 0.162453
0.029288 0.171353
0.025136 0.180466
0.020456 0.189674
0.014965 0.198788
0.007693 0.206843
0.000382 0.213523
-0.005470 0.220347
-0.011939 0.228318
-0.020239 0.236647
-0.029012 0.244968
-0.037508 0.254067
-0.046945 0.263985
-0.057009 0.274686
-0.067400 0.286287
-0.078104 0.298902
-0.088936 0.312629
-0.099769 0.327499
-0.110256 0.343583
-0.120267 0.360766
-0.129682 0.378809
-0.138480 0.397353
-0.146756 0.416001
-0.154720 0.434369
-0.162995 0.452002
-0.172317 0.468521
-0.183143 0.483722
-0.195665 0.497518
-0.209846 0.509905
-0.225506 0.520935
-0.242412 0.530705
-0.260332 0.539321
-0.279067 0.546878
-0.298454 0.553458
-0.318359 0.559115
-0.338678 0.563890
-0.359324 0.567805
-0.380226 0.570872
-0.401323 0.573094
-0.422561 0.574467
-0.443892 0.574986
-0.465270 0.574640
-0.486652 0.573418
-0.508000 0.571310
-0.529271 0.568303
-0.550428 0.564386
-0.571433 0.559549
-0.592247 0.553781
-0.612833 0.547074
-0.633152 0.539419
-0.653170 0.530809
-0.672846 0.521241
-0.692145 0.510708
-0.711031 0.499209
-0.729464 0.486741
-0.747410 0.473304
-0.764833 0.458901
-0.781695 0.443533
-0.797964 0.427204
-0.813601 0.409921
-0.828574 0.391688
-0.842848 0.372518
-0.856388 0.352418
-0.869165 0.331399
-0.881143 0.309477
-0.892292 0.286663
-0.902582 0.262976
-0.911982 0.238432
-0.920463 0.213050
-0.928000 0.186859
-0.934565 0.159889
-0.940141 0.132193
-0.944714 0.103853
-0.948297 0.075085
-0.950942 0.046375
-0.952752 0.018451
-0.953869 -0.007861
-0.954461 -0.031777
