0.004207 0.000670
0.012926 0.004350
0.020337 0.013560
0.020964 0.025733
0.021269 0.034827
0.022264 0.042055
0.022949 0.047700
0.024701 0.052426
0.025212 0.058112
0.025844 0.062895
0.027228 0.067877
0.027161 0.074340
0.026904 0.080024
0.027453 0.085323
0.027006 0.091752
0.026529 0.098073
0.025968 0.104633
0.025003 0.111595
0.024150 0.118710
0.022492 0.126389
0.019512 0.133815
0.015468 0.139659
0.013596 0.144777
0.012336 0.152947
0.007570 0.163389
-0.001242 0.170722
-0.005868 0.178148
-0.007485 0.190166
-0.016252 0.203413
-0.025180 0.215349
-0.030076 0.227057
-0.034984 0.239466
-0.040139 0.252618
-0.045437 0.266412
-0.050807 0.280793
-0.056061 0.295738
-0.061422 0.311126
-0.066849 0.326804
-0.072221 0.342684
-0.077732 0.358619
-0.083492 0.374473
-0.089565 0.390150
-0.096135 0.405542
-0.103356 0.420586
-0.111366 0.435233
-0.120473 0.449350
-0.130960 0.462789
-0.142909 0.475463
-0.156266 0.487343
-0.170906 0.498427
-0.186674 0.508731
-0.203419 0.518279
-0.220999 0.527087
-0.239293 0.535173
-0.258193 0.542539
-0.277610 0.549186
-0.297465 0.555109
-0.317691 0.560296
-0.338229 0.564737
-0.359024 0.568414
-0.380026 0.571311
-0.401191 0.573412
-0.422474 0.574699
-0.443835 0.575156
-0.465233 0.574765
-0.486629 0.573511
-0.507985 0.571380
-0.529262 0.568355
-0.550423 0.564426
-0.571430 0.559579
-0.592245 0.553804
-0.612833 0.547091
-0.633153 0.539432
-0.653170 0.530820
-0.672847 0.521249
-0.692146 0.510715
-0.711031 0.499214
-0.729465 0.486745
-0.747411 0.473307
-0.764834 0.458904
-0.781696 0.443535
-0.797964 0.427205
-0.813601 0.409922
-0.828574 0.391690
-0.842848 0.372519
-0.856389 0.352419
-0.869165 0.331400
-0.881143 0.309478
-0.892292 0.286664
-0.902582 0.262976
-0.911982 0.238432
-0.920464 0.213050
-0.928000 0.186859
-0.934565 0.159889
-0.940141 0.132193
-0.944714 0.103853
-0.948297 0.075085
-0.950942 0.046375
-0.952752 0.018451
-0.953869 -0.007861
-0.954461 -0.031777
