0.004207 0.000670
0.013131 0.003063
0.022894 0.007715
0.031234 0.014753
0.036579 0.023601
0.038664 0.032337
0.038544 0.039200
0.038568 0.043808
0.040307 0.047693
0.043772 0.052681
0.047746 0.059654
0.049968 0.068523
0.047836 0.077509
0.042771 0.082591
0.042159 0.085944
0.046221 0.092512
0.048226 0.103610
0.040107 0.115467
0.026142 0.116480
0.013239 0.128552
-0.026100 0.135470
-0.064961 0.137987
-0.073928 0.148694
-0.073997 0.160153
-0.079242 0.172931
-0.082059 0.183663
-0.081411 0.196298
-0.085633 0.211340
-0.087457 0.224835
-0.086528 0.239479
-0.086402 0.255436
-0.085072 0.270972
-0.083112 0.286713
-0.080983 0.302574
-0.078573 0.318187
-0.076067 0.333416
-0.073852 0.348171
-0.072209 0.362364
-0.071333 0.375978
-0.071523 0.389084
-0.073113 0.401793
-0.076337 0.414222
-0.081380 0.426437
-0.088409 0.438425
-0.097433 0.450123
-0.108295 0.461481
-0.120772 0.472465
-0.134637 0.483043
-0.149687 0.493196
-0.165746 0.502896
-0.182666 0.512117
-0.200327 0.520830
-0.218625 0.529003
-0.237476 0.536609
-0.256807 0.543616
-0.276555 0.549994
-0.296664 0.555716
-0.317084 0.560753
-0.337769 0.565082
-0.358676 0.568675
-0.379763 0.571509
-0.400993 0.573563
-0.422325 0.574814
-0.443723 0.575243
-0.465149 0.574832
-0.486566 0.573562
-0.507938 0.571419
-0.529227 0.568385
-0.550397 0.564449
-0.571410 0.559597
-0.592231 0.553817
-0.612822 0.547102
-0.633145 0.539440
-0.653164 0.530826
-0.672843 0.521254
-0.692143 0.510718
-0.711029 0.499216
-0.729463 0.486747
-0.747410 0.473309
-0.764832 0.458904
-0.781695 0.443535
-0.797963 0.427206
-0.813601 0.409922
-0.828574 0.391689
-0.842847 0.372519
-0.856388 0.352418
-0.869164 0.331400
-0.881142 0.309478
-0.892292 0.286663
-0.902581 0.262976
-0.911981 0.238432
-0.920463 0.213050
-0.927999 0.186859
-0.934564 0.159889
-0.940140 0.132192
-0.944713 0.103853
-0.948296 0.075084
-0.950941 0.046375
-0.952751 0.018451
-0.953868 -0.007861
-0.954460 -0.031777
