0.004207 0.000670
0.013130 0.003094
0.022900 0.007759
0.031434 0.014499
0.037897 0.022364
0.042690 0.030043
0.046541 0.037063
0.049927 0.043613
0.053184 0.049956
0.056453 0.056359
0.059671 0.063048
0.062575 0.070166
0.064742 0.077724
0.065762 0.085509
0.065570 0.093063
0.064687 0.100028
0.063795 0.106589
0.063059 0.113355
0.062100 0.120774
0.060331 0.128770
0.057550 0.136847
0.054160 0.144634
0.050629 0.152272
0.046922 0.160152
0.042626 0.168410
0.037553 0.176846
0.031910 0.185289
0.025814 0.193749
0.019222 0.202273
0.012090 0.210859
0.004448 0.219518
-0.003695 0.228279
-0.012460 0.237067
-0.021768 0.245831
-0.031523 0.254611
-0.041782 0.263427
-0.052556 0.272278
-0.063931 0.281040
-0.075861 0.289573
-0.088067 0.298034
-0.100759 0.306383
-0.113978 0.314483
-0.127687 0.322119
-0.142340 0.327992
-0.156730 0.331283
-0.168700 0.335386
-0.181003 0.341837
-0.196798 0.347390
-0.213137 0.351744
-0.228056 0.357652
-0.244284 0.364509
-0.261887 0.371609
-0.279740 0.379657
-0.298026 0.388943
-0.316688 0.399695
-0.335658 0.411813
-0.354457 0.425420
-0.372569 0.440645
-0.389652 0.457259
-0.405390 0.474798
-0.419462 0.492745
-0.431647 0.510534
-0.441985 0.527495
-0.450965 0.542895
-0.459762 0.556045
-0.470428 0.566321
-0.485051 0.572966
-0.503927 0.575481
-0.525713 0.574226
-0.548953 0.570090
-0.572668 0.563880
-0.596278 0.556157
-0.619450 0.547263
-0.642010 0.537394
-0.663871 0.526653
-0.684997 0.515082
-0.705383 0.502695
-0.725030 0.489486
-0.743945 0.475442
-0.762134 0.460548
-0.779597 0.444788
-0.796333 0.428149
-0.812331 0.410623
-0.827581 0.392202
-0.842067 0.372885
-0.855768 0.352673
-0.868665 0.331569
-0.880734 0.309583
-0.891950 0.286720
-0.902290 0.262998
-0.911726 0.238429
-0.920235 0.213029
-0.927790 0.186827
-0.934370 0.159849
-0.939956 0.132149
-0.944537 0.103809
-0.948126 0.075042
-0.950778 0.046335
-0.952596 0.018415
-0.953723 -0.007893
-0.954328 -0.031805